0.97282749999999995616
0.97282749999999995616
0.97282749999999995616
0.97282749999999995616
0.97282749999999995616
0.97282749999999995616
0.97282749999999995616
0.97282749999999995616
0.97282749999999995616
0.97282749999999995616
0.97282749999999995616
0.97282749999999995616
0.97282749999999995616
0.97282749999999995616
0.97282749999999995616
0.97282749999999995616
0.97282749999999995616
0.97282749999999995616
0.97282749999999995616
0.97574020000000005748
0.97574020000000005748
0.97574020000000005748
0.97574020000000005748
0.97574020000000005748
0.97574020000000005748
0.97574020000000005748
0.97574020000000005748
0.97574020000000005748
0.97574020000000005748
0.97574020000000005748
0.97574020000000005748
0.97574020000000005748
0.97574020000000005748
0.97574020000000005748
0.97574020000000005748
0.97574020000000005748
0.97574020000000005748
0.97574020000000005748
0.97574020000000005748
0.97574020000000005748
0.97574020000000005748
0.97574020000000005748
0.97574020000000005748
0.97574020000000005748
0.97574020000000005748
0.97574020000000005748
0.97574020000000005748
0.97574020000000005748
0.97574020000000005748
0.97574020000000005748
0.97574020000000005748
0.97574020000000005748
0.97574020000000005748
0.97574020000000005748
0.97574020000000005748
0.97574020000000005748
0.97574020000000005748
0.97983729999999991112
0.97983729999999991112
0.97983729999999991112
0.97983729999999991112
0.97983729999999991112
0.97983729999999991112
0.97983729999999991112
0.97983729999999991112
0.97983729999999991112
0.97983729999999991112
0.97983729999999991112
0.97983729999999991112
0.97983729999999991112
0.97983729999999991112
0.97983729999999991112
0.97983729999999991112
0.97983729999999991112
0.97983729999999991112
0.97983729999999991112
0.97983729999999991112
0.97983729999999991112
0.97983729999999991112
0.97983729999999991112
0.97983729999999991112
0.97983729999999991112
0.97983729999999991112
0.97983729999999991112
0.97983729999999991112
0.97983729999999991112
0.97983729999999991112
0.97983729999999991112
0.97983729999999991112
0.97983729999999991112
0.97983729999999991112
0.97983729999999991112
0.97983729999999991112
0.97983729999999991112
0.97983729999999991112
0.97983729999999991112
0.97983729999999991112
0.97983729999999991112
0.97983729999999991112
0.97983729999999991112
0.97983729999999991112
0.97983729999999991112
0.97983729999999991112
0.97983729999999991112
0.97983729999999991112
0.97983729999999991112
0.97983729999999991112
0.97983729999999991112
0.97983729999999991112
0.97983729999999991112
0.97983729999999991112
0.97983729999999991112
0.97983729999999991112
0.97983729999999991112
0.97983729999999991112
0.97983729999999991112
0.97983729999999991112
0.97983729999999991112
0.97983729999999991112
0.97983729999999991112
0.98164636000000005112
0.98164636000000005112
0.98164636000000005112
0.98164636000000005112
0.98164636000000005112
0.98164636000000005112
0.98164636000000005112
0.98164636000000005112
0.98164636000000005112
0.98164636000000005112
0.98164636000000005112
0.98164636000000005112
0.98164636000000005112
0.98164636000000005112
0.98164636000000005112
0.98164636000000005112
0.98164636000000005112
0.98164636000000005112
0.98164636000000005112
0.98164636000000005112
0.98164636000000005112
0.98164636000000005112
0.98164636000000005112
0.98164636000000005112
0.98164636000000005112
0.98164636000000005112
0.98164636000000005112
0.98164636000000005112
0.98164636000000005112
0.98164636000000005112
0.98164636000000005112
0.98164636000000005112
0.98164636000000005112
0.98164636000000005112
0.98164636000000005112
0.98164636000000005112
0.98164636000000005112
0.98164636000000005112
0.98164636000000005112
0.98164636000000005112
0.98164636000000005112
0.98164636000000005112
0.98164636000000005112
0.98164636000000005112
0.98164636000000005112
0.98164636000000005112
0.98164636000000005112
0.98164636000000005112
0.98164636000000005112
0.98164636000000005112
0.98164636000000005112
0.98164636000000005112
0.98164636000000005112
0.98164636000000005112
0.98164636000000005112
0.98164636000000005112
0.98164636000000005112
0.98164636000000005112
0.98164636000000005112
0.98164636000000005112
0.98164636000000005112
0.98164636000000005112
0.98164636000000005112
0.98164636000000005112
0.98164636000000005112
0.98164636000000005112
0.97978780000000009753
0.97978780000000009753
0.97978780000000009753
0.97978780000000009753
0.97978780000000009753
0.97978780000000009753
0.97978780000000009753
0.97978780000000009753
0.97978780000000009753
0.97978780000000009753
0.97978780000000009753
0.97978780000000009753
0.97978780000000009753
0.97978780000000009753
0.97978780000000009753
0.97978780000000009753
0.97978780000000009753
0.97978780000000009753
0.97978780000000009753
0.97978780000000009753
0.97978780000000009753
0.97978780000000009753
0.97978780000000009753
0.97978780000000009753
0.97978780000000009753
0.97978780000000009753
0.97978780000000009753
0.97978780000000009753
0.97978780000000009753
0.97978780000000009753
0.97978780000000009753
0.97978780000000009753
0.97978780000000009753
0.97978780000000009753
0.97785370000000004787
0.97785370000000004787
0.97785370000000004787
0.97785370000000004787
0.97785370000000004787
0.97785370000000004787
0.97785370000000004787
0.97785370000000004787
0.97785370000000004787
0.97785370000000004787
0.97785370000000004787
0.97785370000000004787
0.97785370000000004787
0.97785370000000004787
0.97785370000000004787
0.97785370000000004787
0.97785370000000004787
0.97785370000000004787
0.97785370000000004787
0.97785370000000004787
0.97785370000000004787
0.97785370000000004787
0.97785370000000004787
0.97785370000000004787
0.97785370000000004787
0.97785370000000004787
0.97785370000000004787
0.97785370000000004787
0.97785370000000004787
0.97785370000000004787
0.97785370000000004787
0.97785370000000004787
0.97785370000000004787
0.97785370000000004787
0.97785370000000004787
0.97785370000000004787
0.97785370000000004787
0.97785370000000004787
0.97785370000000004787
0.97785370000000004787
0.97785370000000004787
0.97785370000000004787
0.97816399999999992243
0.97816399999999992243
0.97816399999999992243
0.97816399999999992243
0.97816399999999992243
0.97816399999999992243
0.97816399999999992243
0.97816399999999992243
0.97816399999999992243
0.97816399999999992243
0.97816399999999992243
0.97816399999999992243
0.97816399999999992243
0.97816399999999992243
0.97816399999999992243
0.97816399999999992243
0.97816399999999992243
0.97816399999999992243
0.97816399999999992243
0.97816399999999992243
0.97816399999999992243
0.97816399999999992243
0.97816399999999992243
0.97816399999999992243
0.97816399999999992243
0.97816399999999992243
0.97816399999999992243
0.97816399999999992243
0.97816399999999992243
0.97816399999999992243
0.97816399999999992243
0.97816399999999992243
0.97816399999999992243
0.97816399999999992243
0.97816399999999992243
0.97816399999999992243
0.97816399999999992243
0.97816399999999992243
0.97816399999999992243
0.97816399999999992243
0.97816399999999992243
0.97816399999999992243
0.97816399999999992243
0.97816399999999992243
0.97816399999999992243
0.97816399999999992243
0.97816399999999992243
0.97816399999999992243
0.97816399999999992243
0.97816399999999992243
0.97816399999999992243
0.97618437000000002346
0.97618437000000002346
0.97618437000000002346
0.97618437000000002346
0.97618437000000002346
0.97618437000000002346
0.97618437000000002346
0.97618437000000002346
0.97618437000000002346
0.97618437000000002346
0.97618437000000002346
0.97618437000000002346
0.97618437000000002346
0.97618437000000002346
0.97618437000000002346
0.97618437000000002346
0.97618437000000002346
0.97618437000000002346
0.97618437000000002346
0.97618437000000002346
0.97618437000000002346
0.97618437000000002346
0.97618437000000002346
0.97618437000000002346
0.97618437000000002346
0.97618437000000002346
0.97618437000000002346
0.97618437000000002346
0.97618437000000002346
0.97618437000000002346
0.97618437000000002346
0.97618437000000002346
0.97618437000000002346
0.97618437000000002346
0.97618437000000002346
0.97618437000000002346
0.97618437000000002346
0.97618437000000002346
0.97618437000000002346
0.97618437000000002346
0.97618437000000002346
0.97618437000000002346
0.97618437000000002346
0.97618437000000002346
0.97618437000000002346
0.97618437000000002346
0.97618437000000002346
0.97618437000000002346
0.97618437000000002346
0.97618437000000002346
0.97618437000000002346
0.97618437000000002346
0.97618437000000002346
0.97618437000000002346
0.97618437000000002346
0.97618437000000002346
0.97618437000000002346
0.97618437000000002346
0.97618437000000002346
0.97618437000000002346
0.97618437000000002346
0.97618437000000002346
0.97618437000000002346
0.97618437000000002346
0.97618437000000002346
0.97618437000000002346
0.97618437000000002346
0.97618437000000002346
0.97618437000000002346
0.97618437000000002346
0.97618437000000002346
0.97618437000000002346
0.97618437000000002346
0.97618437000000002346
0.97618437000000002346
0.97618437000000002346
0.98240435000000003729
0.98240435000000003729
0.98240435000000003729
0.98240435000000003729
0.98240435000000003729
0.98240435000000003729
0.98240435000000003729
0.98240435000000003729
0.98240435000000003729
0.98240435000000003729
0.98240435000000003729
0.98240435000000003729
0.98240435000000003729
0.98240435000000003729
0.98240435000000003729
0.98240435000000003729
0.98240435000000003729
0.98240435000000003729
0.98240435000000003729
0.98240435000000003729
0.98240435000000003729
0.98240435000000003729
0.98240435000000003729
0.98240435000000003729
0.98240435000000003729
0.98240435000000003729
0.98240435000000003729
0.98240435000000003729
0.98240435000000003729
0.98240435000000003729
0.98240435000000003729
0.98240435000000003729
0.98240435000000003729
0.98240435000000003729
0.98240435000000003729
0.98240435000000003729
0.98240435000000003729
0.98240435000000003729
0.98240435000000003729
0.98240435000000003729
0.98240435000000003729
0.98240435000000003729
0.98240435000000003729
0.98240435000000003729
0.98240435000000003729
0.98240435000000003729
0.98240435000000003729
0.98240435000000003729
0.98240435000000003729
0.97751385000000001746
0.97751385000000001746
0.97751385000000001746
0.97751385000000001746
0.97751385000000001746
0.97751385000000001746
0.97751385000000001746
0.97751385000000001746
0.97751385000000001746
0.97751385000000001746
0.97751385000000001746
0.97751385000000001746
0.97751385000000001746
0.97751385000000001746
0.97751385000000001746
0.97364240000000012998
0.97364240000000012998
0.97364240000000012998
0.97364240000000012998
0.97364240000000012998
0.97364240000000012998
0.97364240000000012998
0.97364240000000012998
0.97364240000000012998
0.97364240000000012998
0.97364240000000012998
0.97364240000000012998
0.97364240000000012998
0.97364240000000012998
0.97364240000000012998
0.97364240000000012998
0.97364240000000012998
0.97364240000000012998
0.97364240000000012998
0.97364240000000012998
0.97364240000000012998
0.97364240000000012998
0.97364240000000012998
0.97715079999999998606
0.97715079999999998606
0.97715079999999998606
0.97715079999999998606
0.97715079999999998606
0.97715079999999998606
0.97715079999999998606
0.97715079999999998606
0.97715079999999998606
0.97715079999999998606
0.97715079999999998606
0.97715079999999998606
0.97715079999999998606
0.97715079999999998606
0.97715079999999998606
0.97715079999999998606
0.97715079999999998606
0.97715079999999998606
0.97715079999999998606
0.97715079999999998606
0.97715079999999998606
0.97715079999999998606
0.97715079999999998606
0.97715079999999998606
0.97715079999999998606
0.97715079999999998606
0.97715079999999998606
0.97715079999999998606
0.97715079999999998606
0.97715079999999998606
0.97715079999999998606
0.97715079999999998606
0.97715079999999998606
0.97715079999999998606
0.97715079999999998606
0.97715079999999998606
0.97715079999999998606
0.97715079999999998606
0.97715079999999998606
0.97715079999999998606
0.97715079999999998606
0.97715079999999998606
0.97715079999999998606
0.97715079999999998606
0.97715079999999998606
0.97715079999999998606
0.97715079999999998606
0.97175140000000015394
0.97175140000000015394
0.97175140000000015394
0.97175140000000015394
0.97175140000000015394
0.97175140000000015394
0.97175140000000015394
0.97175140000000015394
0.97175140000000015394
0.97175140000000015394
0.97175140000000015394
0.97175140000000015394
0.97175140000000015394
0.97175140000000015394
0.97175140000000015394
0.97175140000000015394
0.97175140000000015394
0.97175140000000015394
0.97175140000000015394
0.97175140000000015394
0.97175140000000015394
0.97175140000000015394
0.97175140000000015394
0.97175140000000015394
0.97175140000000015394
0.97175140000000015394
0.97175140000000015394
0.97175140000000015394
0.97175140000000015394
0.97175140000000015394
0.97175140000000015394
0.97175140000000015394
0.97175140000000015394
0.97175140000000015394
0.97175140000000015394
0.97175140000000015394
0.97175140000000015394
0.97175140000000015394
0.97175140000000015394
0.97175140000000015394
0.97175140000000015394
0.97175140000000015394
0.97175140000000015394
0.97175140000000015394
0.97175140000000015394
0.97175140000000015394
0.97175140000000015394
0.97175140000000015394
0.97175140000000015394
0.97175140000000015394
0.97175140000000015394
0.97175140000000015394
0.97175140000000015394
0.97175140000000015394
0.97175140000000015394
0.97175140000000015394
0.97175140000000015394
0.97175140000000015394
0.97175140000000015394
0.97175140000000015394
0.97175140000000015394
0.97175140000000015394
0.97175140000000015394
0.97175140000000015394
0.97175140000000015394
0.97175140000000015394
0.97175140000000015394
0.97175140000000015394
0.97379965000000001663
0.97379965000000001663
0.97379965000000001663
0.97379965000000001663
0.97379965000000001663
0.97379965000000001663
0.97379965000000001663
0.97379965000000001663
0.97379965000000001663
0.97379965000000001663
0.97379965000000001663
0.97379965000000001663
0.97379965000000001663
0.97379965000000001663
0.97379965000000001663
0.97379965000000001663
0.97379965000000001663
0.97379965000000001663
0.97379965000000001663
0.97379965000000001663
0.97379965000000001663
0.97379965000000001663
0.97379965000000001663
0.97379965000000001663
0.97379965000000001663
0.97379965000000001663
0.97379965000000001663
0.97379965000000001663
0.97379965000000001663
0.97379965000000001663
0.97662603999999997306
0.97662603999999997306
0.97662603999999997306
0.97662603999999997306
0.97662603999999997306
0.97662603999999997306
0.97662603999999997306
0.97662603999999997306
0.97662603999999997306
0.97662603999999997306
0.97662603999999997306
0.97662603999999997306
0.97662603999999997306
0.97662603999999997306
0.97662603999999997306
0.97662603999999997306
0.97662603999999997306
0.97662603999999997306
0.97662603999999997306
0.97662603999999997306
0.97662603999999997306
0.97662603999999997306
0.98050390000000009483
0.98050390000000009483
0.98050390000000009483
0.98050390000000009483
0.98050390000000009483
0.98050390000000009483
0.98050390000000009483
0.98050390000000009483
0.98050390000000009483
0.98050390000000009483
0.98050390000000009483
0.98050390000000009483
0.98050390000000009483
0.98050390000000009483
0.98050390000000009483
0.98050390000000009483
0.98050390000000009483
0.98050390000000009483
0.98050390000000009483
0.98050390000000009483
0.98050390000000009483
0.98050390000000009483
0.98050390000000009483
0.98050390000000009483
0.98050390000000009483
0.98050390000000009483
0.98050390000000009483
0.98050390000000009483
0.97481125999999995724
0.97481125999999995724
0.97481125999999995724
0.97481125999999995724
0.97481125999999995724
0.97481125999999995724
0.97481125999999995724
0.97481125999999995724
0.97481125999999995724
0.97481125999999995724
0.97481125999999995724
0.97481125999999995724
0.97481125999999995724
0.97481125999999995724
0.97481125999999995724
0.97481125999999995724
0.97481125999999995724
0.97481125999999995724
0.97481125999999995724
0.97481125999999995724
0.97481125999999995724
0.97481125999999995724
0.97481125999999995724
0.97481125999999995724
0.97481125999999995724
0.97481125999999995724
0.97481125999999995724
0.97481125999999995724
0.97481125999999995724
0.97481125999999995724
0.97481125999999995724
0.97481125999999995724
0.97481125999999995724
0.97481125999999995724
0.97481125999999995724
0.97481125999999995724
0.97481125999999995724
0.97481125999999995724
0.97481125999999995724
0.97481125999999995724
0.97481125999999995724
0.97481125999999995724
0.97481125999999995724
0.97481125999999995724
0.97481125999999995724
0.97481125999999995724
0.97481125999999995724
0.97481125999999995724
0.97481125999999995724
0.97481125999999995724
0.97481125999999995724
0.97481125999999995724
0.97481125999999995724
0.97481125999999995724
0.97481125999999995724
0.97481125999999995724
0.97481125999999995724
0.97481125999999995724
0.97481125999999995724
0.97481125999999995724
0.97481125999999995724
0.97481125999999995724
0.97481125999999995724
0.97481125999999995724
0.97481125999999995724
0.97481125999999995724
0.97481125999999995724
0.97481125999999995724
0.97481125999999995724
0.97481125999999995724
0.97481125999999995724
0.97481125999999995724
0.97481125999999995724
0.97481125999999995724
0.97481125999999995724
0.97481125999999995724
0.97481125999999995724
0.97759950000000006565
0.97759950000000006565
0.97759950000000006565
0.97759950000000006565
0.97759950000000006565
0.97759950000000006565
0.97759950000000006565
0.97759950000000006565
0.97759950000000006565
0.97759950000000006565
0.97759950000000006565
0.97759950000000006565
0.97759950000000006565
0.97759950000000006565
0.97759950000000006565
0.97759950000000006565
0.97759950000000006565
0.97759950000000006565
0.97759950000000006565
0.97759950000000006565
0.97759950000000006565
0.97759950000000006565
0.97759950000000006565
0.97759950000000006565
0.97759950000000006565
0.97759950000000006565
0.97759950000000006565
0.97759950000000006565
0.97759950000000006565
0.97759950000000006565
0.97759950000000006565
0.97759950000000006565
0.97759950000000006565
0.97759950000000006565
0.97759950000000006565
0.97759950000000006565
0.97759950000000006565
0.97759950000000006565
0.97759950000000006565
0.97759950000000006565
0.97759950000000006565
0.97759950000000006565
0.97759950000000006565
0.97759950000000006565
0.97759950000000006565
0.97759950000000006565
0.97759950000000006565
0.97759950000000006565
0.97759950000000006565
0.97759950000000006565
0.97759950000000006565
0.97759950000000006565
0.97759950000000006565
0.97759950000000006565
0.97759950000000006565
0.97759950000000006565
0.97759950000000006565
0.97759950000000006565
0.97759950000000006565
0.97759950000000006565
0.97759950000000006565
0.97759950000000006565
0.97759950000000006565
0.97759950000000006565
0.97759950000000006565
0.97759950000000006565
0.97759950000000006565
0.97759950000000006565
0.97759950000000006565
0.97467549999999991694
0.97467549999999991694
0.97467549999999991694
0.97467549999999991694
0.97467549999999991694
0.97467549999999991694
0.97467549999999991694
0.97467549999999991694
0.97467549999999991694
0.97467549999999991694
0.97467549999999991694
0.97467549999999991694
0.97467549999999991694
0.97467549999999991694
0.97467549999999991694
0.97467549999999991694
0.97467549999999991694
0.97467549999999991694
0.97467549999999991694
0.97467549999999991694
0.97467549999999991694
0.97467549999999991694
0.97467549999999991694
0.97467549999999991694
0.97467549999999991694
0.97467549999999991694
0.97467549999999991694
0.97467549999999991694
0.97467549999999991694
0.97467549999999991694
0.97467549999999991694
0.97467549999999991694
0.97467549999999991694
0.97467549999999991694
0.97467549999999991694
0.97467549999999991694
0.97467549999999991694
0.97467549999999991694
0.97467549999999991694
0.97467549999999991694
0.97467549999999991694
0.97467549999999991694
0.97467549999999991694
0.97467549999999991694
0.97467549999999991694
0.97467549999999991694
0.97467549999999991694
0.97467549999999991694
0.97467549999999991694
0.97420764000000004135
0.97420764000000004135
0.97420764000000004135
0.97420764000000004135
0.97420764000000004135
0.97420764000000004135
0.97420764000000004135
0.97420764000000004135
0.97420764000000004135
0.97420764000000004135
0.97420764000000004135
0.97420764000000004135
0.97420764000000004135
0.97420764000000004135
0.97420764000000004135
0.97420764000000004135
0.97420764000000004135
0.97420764000000004135
0.97420764000000004135
0.97420764000000004135
0.97420764000000004135
0.97420764000000004135
0.97420764000000004135
0.97420764000000004135
0.97420764000000004135
0.97420764000000004135
0.97420764000000004135
0.97420764000000004135
0.97420764000000004135
0.97420764000000004135
0.97420764000000004135
0.97420764000000004135
0.97420764000000004135
0.97420764000000004135
0.97420764000000004135
0.97420764000000004135
0.97420764000000004135
0.97420764000000004135
0.97420764000000004135
0.97420764000000004135
0.97420764000000004135
0.97420764000000004135
0.97420764000000004135
0.98217266999999996990
0.98217266999999996990
0.98217266999999996990
0.98217266999999996990
0.98217266999999996990
0.98217266999999996990
0.98217266999999996990
0.98217266999999996990
0.98217266999999996990
0.98217266999999996990
0.98217266999999996990
0.98217266999999996990
0.98217266999999996990
0.98217266999999996990
0.98217266999999996990
0.98217266999999996990
0.98217266999999996990
0.98217266999999996990
0.98217266999999996990
0.98217266999999996990
0.98217266999999996990
0.98217266999999996990
0.98217266999999996990
0.98217266999999996990
0.98217266999999996990
0.98217266999999996990
0.98217266999999996990
0.98217266999999996990
0.98217266999999996990
0.98217266999999996990
0.98217266999999996990
0.98217266999999996990
0.98217266999999996990
0.98217266999999996990
0.98217266999999996990
0.98217266999999996990
0.98217266999999996990
0.98217266999999996990
0.98217266999999996990
0.98217266999999996990
0.98217266999999996990
0.98217266999999996990
0.98217266999999996990
0.98217266999999996990
0.98217266999999996990
0.98217266999999996990
0.98217266999999996990
0.98217266999999996990
0.98217266999999996990
0.98217266999999996990
0.98217266999999996990
0.98217266999999996990
0.98217266999999996990
0.98217266999999996990
0.98217266999999996990
0.97633409999999998252
0.97633409999999998252
0.97633409999999998252
0.97633409999999998252
0.97633409999999998252
0.97633409999999998252
0.97633409999999998252
0.97633409999999998252
0.97633409999999998252
0.97633409999999998252
0.97633409999999998252
0.97633409999999998252
0.97633409999999998252
0.97633409999999998252
0.97633409999999998252
0.97633409999999998252
0.97633409999999998252
0.97633409999999998252
0.97633409999999998252
0.97633409999999998252
0.97633409999999998252
0.97633409999999998252
0.97633409999999998252
0.97633409999999998252
0.97633409999999998252
0.97633409999999998252
0.97633409999999998252
0.97633409999999998252
0.97633409999999998252
0.97633409999999998252
0.97633409999999998252
0.97633409999999998252
0.97633409999999998252
0.97633409999999998252
0.97633409999999998252
0.97633409999999998252
0.97633409999999998252
0.97633409999999998252
0.97633409999999998252
0.97633409999999998252
0.97633409999999998252
0.97633409999999998252
0.97633409999999998252
0.97633409999999998252
0.97633409999999998252
0.97633409999999998252
0.97633409999999998252
0.97633409999999998252
0.97633409999999998252
0.97633409999999998252
0.97633409999999998252
0.97633409999999998252
0.97633409999999998252
0.97633409999999998252
0.97633409999999998252
0.97633409999999998252
0.97633409999999998252
0.97633409999999998252
0.97633409999999998252
0.97633409999999998252
0.97633409999999998252
0.97633409999999998252
0.97633409999999998252
0.97633409999999998252
0.97633409999999998252
0.97633409999999998252
0.97633409999999998252
0.97633409999999998252
0.97633409999999998252
0.97633409999999998252
0.97633409999999998252
0.97633409999999998252
0.97633409999999998252
0.97633409999999998252
0.97633409999999998252
0.97633409999999998252
0.97633409999999998252
0.97633409999999998252
0.97633409999999998252
0.97633409999999998252
0.97633409999999998252
0.97633409999999998252
0.97633409999999998252
0.97633409999999998252
0.97633409999999998252
0.97633409999999998252
0.97633409999999998252
0.97633409999999998252
0.97633409999999998252
0.97633409999999998252
0.97633409999999998252
0.97633409999999998252
0.97633409999999998252
0.97633409999999998252
0.97633409999999998252
0.97633409999999998252
0.97633409999999998252
0.97633409999999998252
0.97633409999999998252
0.97633409999999998252
0.97633409999999998252
0.97633409999999998252
0.97633409999999998252
0.97633409999999998252
0.97633409999999998252
0.97633409999999998252
0.97633409999999998252
0.97633409999999998252
0.97633409999999998252
0.98243069999999987907
0.98243069999999987907
0.98243069999999987907
0.98243069999999987907
0.98243069999999987907
0.98243069999999987907
0.98243069999999987907
0.98243069999999987907
0.98243069999999987907
0.98243069999999987907
0.98243069999999987907
0.98243069999999987907
0.98243069999999987907
0.98243069999999987907
0.98243069999999987907
0.98243069999999987907
0.98243069999999987907
0.98243069999999987907
0.98243069999999987907
0.98243069999999987907
0.98243069999999987907
0.98243069999999987907
0.98243069999999987907
0.98243069999999987907
0.98243069999999987907
0.98243069999999987907
0.98243069999999987907
0.98243069999999987907
0.98243069999999987907
0.98243069999999987907
0.98243069999999987907
0.98243069999999987907
0.98243069999999987907
0.98243069999999987907
0.98243069999999987907
0.98243069999999987907
0.98243069999999987907
0.98243069999999987907
0.98243069999999987907
0.98243069999999987907
0.98243069999999987907
0.98243069999999987907
0.98243069999999987907
0.98243069999999987907
0.98243069999999987907
0.98243069999999987907
0.98243069999999987907
0.97817962999999996665
0.97817962999999996665
0.97817962999999996665
0.97817962999999996665
0.97817962999999996665
0.97817962999999996665
0.97817962999999996665
0.97817962999999996665
0.97817962999999996665
0.97817962999999996665
0.97817962999999996665
0.97817962999999996665
0.97817962999999996665
0.97817962999999996665
0.97817962999999996665
0.97817962999999996665
0.97817962999999996665
0.97817962999999996665
0.97817962999999996665
0.97817962999999996665
0.97817962999999996665
0.97817962999999996665
0.97817962999999996665
0.97817962999999996665
0.97817962999999996665
0.97817962999999996665
0.97817962999999996665
0.97817962999999996665
0.97817962999999996665
0.97817962999999996665
0.97817962999999996665
0.97817962999999996665
0.97817962999999996665
0.97817962999999996665
0.97817962999999996665
0.97817962999999996665
0.97817962999999996665
0.97817962999999996665
0.97817962999999996665
0.97817962999999996665
0.97817962999999996665
0.97817962999999996665
0.97817962999999996665
0.97817962999999996665
0.97817962999999996665
0.97817962999999996665
0.97817962999999996665
0.97817962999999996665
0.97817962999999996665
0.97817962999999996665
0.97817962999999996665
0.97817962999999996665
0.97817962999999996665
0.97817962999999996665
0.97817962999999996665
0.97817962999999996665
0.97817962999999996665
0.97817962999999996665
0.97817962999999996665
0.97817962999999996665
0.97817962999999996665
0.97817962999999996665
0.97817962999999996665
0.97817962999999996665
0.97817962999999996665
0.97817962999999996665
0.97817962999999996665
0.97817962999999996665
0.97817962999999996665
0.97817962999999996665
0.97817962999999996665
0.97817962999999996665
0.97817962999999996665
0.97817962999999996665
0.97817962999999996665
0.97817962999999996665
0.97817962999999996665
0.97817962999999996665
0.97817962999999996665
0.97817962999999996665
0.97817962999999996665
0.97817962999999996665
0.97817962999999996665
0.97817962999999996665
0.97817962999999996665
0.97817962999999996665
0.97817962999999996665
0.97817962999999996665
0.97817962999999996665
0.97817962999999996665
0.97817962999999996665
0.97817962999999996665
0.97817962999999996665
0.97817962999999996665
0.97817962999999996665
0.97817962999999996665
0.97817962999999996665
0.97817962999999996665
0.97817962999999996665
0.97817962999999996665
0.97817962999999996665
0.97817962999999996665
0.97817962999999996665
0.97817962999999996665
0.97817962999999996665
0.97817962999999996665
0.97817962999999996665
0.97817962999999996665
0.97817962999999996665
0.97817962999999996665
0.97817962999999996665
0.97817962999999996665
0.97817962999999996665
0.97817962999999996665
0.97817962999999996665
0.97817962999999996665
0.97817962999999996665
0.97817962999999996665
0.97817962999999996665
0.97817962999999996665
0.97817962999999996665
0.98394040000000004831
0.98394040000000004831
0.98394040000000004831
0.98394040000000004831
0.98394040000000004831
0.98394040000000004831
0.98394040000000004831
0.98394040000000004831
0.98394040000000004831
0.98394040000000004831
0.98394040000000004831
0.98394040000000004831
0.98394040000000004831
0.98394040000000004831
0.98394040000000004831
0.98394040000000004831
0.98394040000000004831
0.98394040000000004831
0.98394040000000004831
0.98394040000000004831
0.98394040000000004831
0.98394040000000004831
0.98394040000000004831
0.98394040000000004831
0.98394040000000004831
0.98394040000000004831
0.98394040000000004831
0.98394040000000004831
0.98394040000000004831
0.98394040000000004831
0.98394040000000004831
0.98394040000000004831
0.98394040000000004831
0.98394040000000004831
0.98394040000000004831
0.98394040000000004831
0.98394040000000004831
0.98394040000000004831
0.98394040000000004831
0.98394040000000004831
0.97697260000000007985
0.97697260000000007985
0.97697260000000007985
0.97697260000000007985
0.97697260000000007985
0.97697260000000007985
0.97697260000000007985
0.97697260000000007985
0.97697260000000007985
0.97697260000000007985
0.97697260000000007985
0.97697260000000007985
0.97697260000000007985
0.97697260000000007985
0.97697260000000007985
0.97697260000000007985
0.97697260000000007985
0.97697260000000007985
0.97697260000000007985
0.97697260000000007985
0.97697260000000007985
0.97697260000000007985
0.97697260000000007985
0.97697260000000007985
0.97697260000000007985
0.97697260000000007985
0.97697260000000007985
0.97697260000000007985
0.97697260000000007985
0.97697260000000007985
0.97697260000000007985
0.97697260000000007985
0.97697260000000007985
0.97697260000000007985
0.97697260000000007985
0.97697260000000007985
0.97697260000000007985
0.97697260000000007985
0.97697260000000007985
0.97697260000000007985
0.97697260000000007985
0.97697260000000007985
0.97697260000000007985
0.97697260000000007985
0.97697260000000007985
0.97697260000000007985
0.97697260000000007985
0.97697260000000007985
0.97697260000000007985
0.97697260000000007985
0.97697260000000007985
0.97697260000000007985
0.97697260000000007985
0.97697260000000007985
0.97697260000000007985
0.97697260000000007985
0.97697260000000007985
0.97697260000000007985
0.97697260000000007985
0.97697260000000007985
0.97697260000000007985
0.97697260000000007985
0.97697260000000007985
0.97697260000000007985
0.97697260000000007985
0.97697260000000007985
0.97697260000000007985
0.97697260000000007985
0.97697260000000007985
0.97697260000000007985
0.97697260000000007985
0.97697260000000007985
0.97697260000000007985
0.97697260000000007985
0.97697260000000007985
0.97697260000000007985
0.97697260000000007985
0.97697260000000007985
0.97697260000000007985
0.97697260000000007985
0.97697260000000007985
0.97697260000000007985
0.97697260000000007985
0.97697260000000007985
0.97697260000000007985
0.97697260000000007985
0.97697260000000007985
0.97697260000000007985
0.97697260000000007985
0.97697260000000007985
0.97697260000000007985
0.97697260000000007985
0.97697260000000007985
0.97697260000000007985
0.97697260000000007985
0.97697260000000007985
0.97697260000000007985
0.97697260000000007985
0.97697260000000007985
0.97697260000000007985
0.97697260000000007985
0.97697260000000007985
0.97697260000000007985
0.97697260000000007985
0.97697260000000007985
0.97697260000000007985
0.97697260000000007985
0.97697260000000007985
0.97697260000000007985
0.97697260000000007985
0.97697260000000007985
0.97697260000000007985
0.97940207000000001347
0.97940207000000001347
0.97940207000000001347
0.97940207000000001347
0.97940207000000001347
0.97940207000000001347
0.97940207000000001347
0.97940207000000001347
0.97940207000000001347
0.97940207000000001347
0.97940207000000001347
0.97940207000000001347
0.97940207000000001347
0.97940207000000001347
0.97940207000000001347
0.97940207000000001347
0.97940207000000001347
0.97940207000000001347
0.97940207000000001347
0.97940207000000001347
0.97940207000000001347
0.97940207000000001347
0.97940207000000001347
0.97940207000000001347
0.97940207000000001347
0.97940207000000001347
0.97940207000000001347
0.97940207000000001347
0.97940207000000001347
0.97940207000000001347
0.97940207000000001347
0.97940207000000001347
0.97940207000000001347
0.97940207000000001347
0.97940207000000001347
0.97940207000000001347
0.97770480000000004051
0.97770480000000004051
0.97770480000000004051
0.97770480000000004051
0.97770480000000004051
0.97770480000000004051
0.97770480000000004051
0.97770480000000004051
0.97770480000000004051
0.97770480000000004051
0.97770480000000004051
0.97770480000000004051
0.97770480000000004051
0.97770480000000004051
0.97770480000000004051
0.97770480000000004051
0.97770480000000004051
0.97770480000000004051
0.97770480000000004051
0.97770480000000004051
0.97770480000000004051
0.97770480000000004051
0.97770480000000004051
0.97770480000000004051
0.97770480000000004051
0.97417664999999997733
0.97417664999999997733
0.97417664999999997733
0.97417664999999997733
0.97417664999999997733
0.97417664999999997733
0.97417664999999997733
0.97417664999999997733
0.97417664999999997733
0.97417664999999997733
0.97417664999999997733
0.97417664999999997733
0.97417664999999997733
0.97417664999999997733
0.97417664999999997733
0.97417664999999997733
0.97417664999999997733
0.97417664999999997733
0.97417664999999997733
0.97417664999999997733
0.97417664999999997733
0.97417664999999997733
0.97417664999999997733
0.97417664999999997733
0.97417664999999997733
0.97417664999999997733
0.97417664999999997733
0.97417664999999997733
0.97417664999999997733
0.97417664999999997733
0.97417664999999997733
0.97417664999999997733
0.97417664999999997733
0.97417664999999997733
0.97417664999999997733
0.97417664999999997733
0.97417664999999997733
0.97417664999999997733
0.97417664999999997733
0.97417664999999997733
0.97417664999999997733
0.97417664999999997733
0.97417664999999997733
0.97417664999999997733
0.97417664999999997733
0.97417664999999997733
0.97417664999999997733
0.97417664999999997733
0.97417664999999997733
0.97417664999999997733
0.97417664999999997733
0.97417664999999997733
0.97417664999999997733
0.97417664999999997733
0.97417664999999997733
0.97417664999999997733
0.97417664999999997733
0.97417664999999997733
0.97417664999999997733
0.97417664999999997733
0.97417664999999997733
0.97417664999999997733
0.97417664999999997733
0.97417664999999997733
0.97417664999999997733
0.97417664999999997733
0.97417664999999997733
0.97417664999999997733
0.97417664999999997733
0.97417664999999997733
0.97417664999999997733
0.97417664999999997733
0.97767700000000001825
0.97767700000000001825
0.97767700000000001825
0.97767700000000001825
0.97767700000000001825
0.97767700000000001825
0.97767700000000001825
0.97767700000000001825
0.97767700000000001825
0.97767700000000001825
0.97767700000000001825
0.97767700000000001825
0.97767700000000001825
0.97767700000000001825
0.97767700000000001825
0.97767700000000001825
0.97767700000000001825
0.97767700000000001825
0.97767700000000001825
0.97767700000000001825
0.97767700000000001825
0.97767700000000001825
0.97767700000000001825
0.97767700000000001825
0.97767700000000001825
0.97767700000000001825
0.97767700000000001825
0.97767700000000001825
0.97767700000000001825
0.97767700000000001825
0.97767700000000001825
0.97767700000000001825
0.97767700000000001825
0.97767700000000001825
0.97767700000000001825
0.97767700000000001825
0.97767700000000001825
0.97767700000000001825
0.97767700000000001825
0.97767700000000001825
0.97767700000000001825
0.97767700000000001825
0.97767700000000001825
0.97767700000000001825
0.97767700000000001825
0.97767700000000001825
0.97767700000000001825
0.97767700000000001825
0.97767700000000001825
0.97767700000000001825
0.97767700000000001825
0.97767700000000001825
0.97767700000000001825
0.97767700000000001825
0.97767700000000001825
0.98417489999999996364
0.98417489999999996364
0.98417489999999996364
0.98417489999999996364
0.98417489999999996364
0.98417489999999996364
0.98417489999999996364
0.98417489999999996364
0.98417489999999996364
0.98417489999999996364
0.98417489999999996364
0.98417489999999996364
0.98417489999999996364
0.98417489999999996364
0.98417489999999996364
0.98417489999999996364
0.98417489999999996364
0.98417489999999996364
0.98417489999999996364
0.98417489999999996364
0.98417489999999996364
0.98417489999999996364
0.98417489999999996364
0.98417489999999996364
0.98417489999999996364
0.98417489999999996364
0.98417489999999996364
0.98417489999999996364
0.98417489999999996364
0.98417489999999996364
0.97415540000000000465
0.97415540000000000465
0.97415540000000000465
0.97415540000000000465
0.97415540000000000465
0.97415540000000000465
0.97415540000000000465
0.97415540000000000465
0.97415540000000000465
0.97415540000000000465
0.97415540000000000465
0.97415540000000000465
0.97415540000000000465
0.97415540000000000465
0.97415540000000000465
0.97415540000000000465
0.97415540000000000465
0.97415540000000000465
0.97415540000000000465
0.97415540000000000465
0.97415540000000000465
0.97415540000000000465
0.97415540000000000465
0.97415540000000000465
0.97415540000000000465
0.97415540000000000465
0.97415540000000000465
0.97415540000000000465
0.97415540000000000465
0.97415540000000000465
0.97415540000000000465
0.97415540000000000465
0.97415540000000000465
0.97415540000000000465
0.97415540000000000465
0.97415540000000000465
0.97415540000000000465
0.97415540000000000465
0.97415540000000000465
0.97415540000000000465
0.97415540000000000465
0.97415540000000000465
0.97415540000000000465
0.97415540000000000465
0.97415540000000000465
0.97415540000000000465
0.97415540000000000465
0.97415540000000000465
0.97415540000000000465
0.97415540000000000465
0.97415540000000000465
0.97415540000000000465
0.97415540000000000465
0.97415540000000000465
0.97415540000000000465
0.97415540000000000465
0.97415540000000000465
0.97415540000000000465
0.97415540000000000465
0.97415540000000000465
0.97415540000000000465
0.97415540000000000465
0.97415540000000000465
0.97415540000000000465
0.97415540000000000465
0.97415540000000000465
0.97415540000000000465
0.97415540000000000465
0.97415540000000000465
0.97415540000000000465
0.97415540000000000465
0.97415540000000000465
0.97415540000000000465
0.97415540000000000465
0.97415540000000000465
0.97415540000000000465
0.97415540000000000465
0.97415540000000000465
0.97415540000000000465
0.98123189999999993471
0.98123189999999993471
0.98123189999999993471
0.98123189999999993471
0.98123189999999993471
0.98123189999999993471
0.98123189999999993471
0.98123189999999993471
0.98123189999999993471
0.98123189999999993471
0.98123189999999993471
0.98123189999999993471
0.98123189999999993471
0.98123189999999993471
0.98123189999999993471
0.98123189999999993471
0.98123189999999993471
0.98123189999999993471
0.98123189999999993471
0.98123189999999993471
0.98123189999999993471
0.98123189999999993471
0.98123189999999993471
0.98123189999999993471
0.98123189999999993471
0.98123189999999993471
0.98123189999999993471
0.98123189999999993471
0.98123189999999993471
0.98123189999999993471
0.98123189999999993471
0.98123189999999993471
0.98123189999999993471
0.98123189999999993471
0.98123189999999993471
0.98123189999999993471
0.98123189999999993471
0.98123189999999993471
0.98123189999999993471
0.98123189999999993471
0.98123189999999993471
0.98123189999999993471
0.98123189999999993471
0.98123189999999993471
0.98123189999999993471
0.98123189999999993471
0.98123189999999993471
0.98123189999999993471
0.98123189999999993471
0.98123189999999993471
0.98123189999999993471
0.98123189999999993471
0.98123189999999993471
0.98123189999999993471
0.98123189999999993471
0.98123189999999993471
0.98123189999999993471
0.98123189999999993471
0.98123189999999993471
0.98123189999999993471
0.98123189999999993471
0.98123189999999993471
0.98123189999999993471
0.98123189999999993471
0.98123189999999993471
0.98123189999999993471
0.98123189999999993471
0.98123189999999993471
0.98123189999999993471
0.98123189999999993471
0.98123189999999993471
0.98123189999999993471
0.98123189999999993471
0.98123189999999993471
0.98123189999999993471
0.98123189999999993471
0.98123189999999993471
0.98123189999999993471
0.97606119999999996217
0.97606119999999996217
0.97606119999999996217
0.97606119999999996217
0.97606119999999996217
0.97606119999999996217
0.97606119999999996217
0.97606119999999996217
0.97606119999999996217
0.97606119999999996217
0.97606119999999996217
0.97606119999999996217
0.97606119999999996217
0.97606119999999996217
0.97606119999999996217
0.97606119999999996217
0.97606119999999996217
0.97606119999999996217
0.97606119999999996217
0.97606119999999996217
0.97606119999999996217
0.97606119999999996217
0.97606119999999996217
0.97606119999999996217
0.97606119999999996217
0.97606119999999996217
0.97606119999999996217
0.97606119999999996217
0.97606119999999996217
0.97606119999999996217
0.97606119999999996217
0.97606119999999996217
0.97606119999999996217
0.97606119999999996217
0.97606119999999996217
0.97606119999999996217
0.97606119999999996217
0.97606119999999996217
0.97606119999999996217
0.97606119999999996217
0.97606119999999996217
0.97606119999999996217
0.97606119999999996217
0.97606119999999996217
0.97606119999999996217
0.97606119999999996217
0.97606119999999996217
0.97606119999999996217
0.97606119999999996217
0.98151516999999999236
0.98151516999999999236
0.98151516999999999236
0.98151516999999999236
0.98151516999999999236
0.98151516999999999236
0.98151516999999999236
0.98151516999999999236
0.98151516999999999236
0.98151516999999999236
0.98151516999999999236
0.98151516999999999236
0.98151516999999999236
0.98151516999999999236
0.98151516999999999236
0.98151516999999999236
0.98151516999999999236
0.98151516999999999236
0.98151516999999999236
0.98151516999999999236
0.98151516999999999236
0.98151516999999999236
0.98151516999999999236
0.98151516999999999236
0.98151516999999999236
0.98151516999999999236
0.98151516999999999236
0.98151516999999999236
0.98151516999999999236
0.98151516999999999236
0.98151516999999999236
0.98151516999999999236
0.98151516999999999236
0.98151516999999999236
0.98151516999999999236
0.98151516999999999236
0.98151516999999999236
0.98151516999999999236
0.98151516999999999236
0.98151516999999999236
0.98151516999999999236
0.98151516999999999236
0.98151516999999999236
0.98151516999999999236
0.98151516999999999236
0.98151516999999999236
0.98151516999999999236
0.98151516999999999236
0.98151516999999999236
0.98151516999999999236
0.98151516999999999236
0.98151516999999999236
0.98151516999999999236
0.98151516999999999236
0.98151516999999999236
0.97288180000000012981
0.97288180000000012981
0.97288180000000012981
0.97288180000000012981
0.97288180000000012981
0.97288180000000012981
0.97288180000000012981
0.97288180000000012981
0.97288180000000012981
0.98290359999999998841
0.98290359999999998841
0.98290359999999998841
0.98290359999999998841
0.98290359999999998841
0.98290359999999998841
0.98290359999999998841
0.98290359999999998841
0.98290359999999998841
0.98290359999999998841
0.98290359999999998841
0.98290359999999998841
0.98290359999999998841
0.98290359999999998841
0.98290359999999998841
0.98290359999999998841
0.98290359999999998841
0.98290359999999998841
0.98290359999999998841
0.98290359999999998841
0.98290359999999998841
0.98290359999999998841
0.98290359999999998841
0.98290359999999998841
0.98290359999999998841
0.98290359999999998841
0.98290359999999998841
0.98290359999999998841
0.98290359999999998841
0.98290359999999998841
0.98290359999999998841
0.98290359999999998841
0.98290359999999998841
0.98290359999999998841
0.98290359999999998841
0.98290359999999998841
0.98290359999999998841
0.98290359999999998841
0.98290359999999998841
0.98290359999999998841
0.98290359999999998841
0.98290359999999998841
0.98290359999999998841
0.98290359999999998841
0.98290359999999998841
0.98290359999999998841
0.98290359999999998841
0.98290359999999998841
0.98290359999999998841
0.98290359999999998841
0.98290359999999998841
0.98290359999999998841
0.98290359999999998841
0.98290359999999998841
0.98290359999999998841
0.98290359999999998841
0.98290359999999998841
0.98290359999999998841
0.98290359999999998841
0.98290359999999998841
0.98290359999999998841
0.98290359999999998841
0.98290359999999998841
0.98290359999999998841
0.98290359999999998841
0.98290359999999998841
0.98290359999999998841
0.98290359999999998841
0.98290359999999998841
0.98290359999999998841
0.98290359999999998841
0.98290359999999998841
0.98290359999999998841
0.98290359999999998841
0.98290359999999998841
0.98290359999999998841
0.98290359999999998841
0.98290359999999998841
0.98290359999999998841
0.98290359999999998841
0.98290359999999998841
0.97324865999999998767
0.97324865999999998767
0.97324865999999998767
0.97324865999999998767
0.97324865999999998767
0.97324865999999998767
0.97324865999999998767
0.97324865999999998767
0.97324865999999998767
0.97324865999999998767
0.97324865999999998767
0.97324865999999998767
0.97324865999999998767
0.97324865999999998767
0.97324865999999998767
0.97324865999999998767
0.97324865999999998767
0.97324865999999998767
0.97324865999999998767
0.97324865999999998767
0.97324865999999998767
0.97324865999999998767
0.97324865999999998767
0.97324865999999998767
0.97324865999999998767
0.97324865999999998767
0.97324865999999998767
0.97324865999999998767
0.97324865999999998767
0.97324865999999998767
0.97324865999999998767
0.97324865999999998767
0.97324865999999998767
0.97324865999999998767
0.97324865999999998767
0.97324865999999998767
0.97324865999999998767
0.97324865999999998767
0.97324865999999998767
0.97324865999999998767
0.98051315999999999473
0.98051315999999999473
0.98051315999999999473
0.98051315999999999473
0.98051315999999999473
0.98051315999999999473
0.98051315999999999473
0.98051315999999999473
0.98051315999999999473
0.98051315999999999473
0.98051315999999999473
0.98051315999999999473
0.98051315999999999473
0.98051315999999999473
0.98051315999999999473
0.98051315999999999473
0.98051315999999999473
0.98051315999999999473
0.98051315999999999473
0.98051315999999999473
0.98051315999999999473
0.98051315999999999473
0.98051315999999999473
0.98051315999999999473
0.98051315999999999473
0.98051315999999999473
0.98051315999999999473
0.98051315999999999473
0.98051315999999999473
0.98051315999999999473
0.98051315999999999473
0.98051315999999999473
0.98051315999999999473
0.98051315999999999473
0.98051315999999999473
0.98051315999999999473
0.98051315999999999473
0.98051315999999999473
0.98051315999999999473
0.98051315999999999473
0.98051315999999999473
0.98051315999999999473
0.98051315999999999473
0.98051315999999999473
0.98051315999999999473
0.98051315999999999473
0.98051315999999999473
0.98051315999999999473
0.98051315999999999473
0.98051315999999999473
0.98051315999999999473
0.98051315999999999473
0.98051315999999999473
0.98051315999999999473
0.98051315999999999473
0.98051315999999999473
0.98051315999999999473
0.98051315999999999473
0.98051315999999999473
0.98051315999999999473
0.98051315999999999473
0.98051315999999999473
0.98051315999999999473
0.98051315999999999473
0.98051315999999999473
0.98051315999999999473
0.98051315999999999473
0.98051315999999999473
0.98051315999999999473
0.98051315999999999473
0.98051315999999999473
0.98051315999999999473
0.98051315999999999473
0.98051315999999999473
0.98051315999999999473
0.98051315999999999473
0.98051315999999999473
0.98051315999999999473
0.98051315999999999473
0.98051315999999999473
0.98051315999999999473
0.98051315999999999473
0.98051315999999999473
0.98051315999999999473
0.98051315999999999473
0.98051315999999999473
0.97854959999999990838
0.97854959999999990838
0.97854959999999990838
0.97854959999999990838
0.97854959999999990838
0.97854959999999990838
0.97854959999999990838
0.97854959999999990838
0.97854959999999990838
0.97854959999999990838
0.97854959999999990838
0.97854959999999990838
0.97854959999999990838
0.97854959999999990838
0.97854959999999990838
0.97854959999999990838
0.97854959999999990838
0.97854959999999990838
0.97854959999999990838
0.97854959999999990838
0.97854959999999990838
0.97854959999999990838
0.97854959999999990838
0.97854959999999990838
0.97854959999999990838
0.97854959999999990838
0.97854959999999990838
0.97854959999999990838
0.97854959999999990838
0.97854959999999990838
0.97854959999999990838
0.97854959999999990838
0.97854959999999990838
0.97854959999999990838
0.97854959999999990838
0.97854959999999990838
0.97854959999999990838
0.97854959999999990838
0.97854959999999990838
0.97854959999999990838
0.97854959999999990838
0.97854959999999990838
0.97854959999999990838
0.97854959999999990838
0.97854959999999990838
0.97854959999999990838
0.97854959999999990838
0.97854959999999990838
0.97854959999999990838
0.97854959999999990838
0.97387960000000006744
0.97387960000000006744
0.97387960000000006744
0.97387960000000006744
0.97387960000000006744
0.97387960000000006744
0.97387960000000006744
0.97387960000000006744
0.97387960000000006744
0.97387960000000006744
0.97387960000000006744
0.97387960000000006744
0.97387960000000006744
0.97387960000000006744
0.97387960000000006744
0.97387960000000006744
0.97387960000000006744
0.97387960000000006744
0.97387960000000006744
0.97387960000000006744
0.97387960000000006744
0.97387960000000006744
0.97387960000000006744
0.97387960000000006744
0.97387960000000006744
0.97387960000000006744
0.97387960000000006744
0.97387960000000006744
0.97387960000000006744
0.97387960000000006744
0.97387960000000006744
0.97387960000000006744
0.97387960000000006744
0.97387960000000006744
0.97387960000000006744
0.97387960000000006744
0.97387960000000006744
0.97387960000000006744
0.97387960000000006744
0.97387960000000006744
0.97387960000000006744
0.97387960000000006744
0.97387960000000006744
0.97387960000000006744
0.97387960000000006744
0.97387960000000006744
0.97387960000000006744
0.97614014000000004501
0.97614014000000004501
0.97614014000000004501
0.97614014000000004501
0.97614014000000004501
0.97614014000000004501
0.97614014000000004501
0.97614014000000004501
0.97614014000000004501
0.97614014000000004501
0.97614014000000004501
0.97614014000000004501
0.97614014000000004501
0.97614014000000004501
0.97614014000000004501
0.97614014000000004501
0.97614014000000004501
0.97614014000000004501
0.97614014000000004501
0.97614014000000004501
0.97614014000000004501
0.97614014000000004501
0.97614014000000004501
0.97614014000000004501
0.97614014000000004501
0.97614014000000004501
0.97614014000000004501
0.97614014000000004501
0.97614014000000004501
0.97614014000000004501
0.97614014000000004501
0.97614014000000004501
0.97614014000000004501
0.97614014000000004501
0.97614014000000004501
0.97614014000000004501
0.97614014000000004501
0.97614014000000004501
0.97614014000000004501
0.97614014000000004501
0.97614014000000004501
0.97614014000000004501
0.97614014000000004501
0.97125149999999993433
0.97125149999999993433
0.97125149999999993433
0.97125149999999993433
0.97125149999999993433
0.97125149999999993433
0.97125149999999993433
0.97125149999999993433
0.97125149999999993433
0.97125149999999993433
0.97125149999999993433
0.97125149999999993433
0.97125149999999993433
0.97125149999999993433
0.97125149999999993433
0.97125149999999993433
0.97125149999999993433
0.97125149999999993433
0.97125149999999993433
0.97125149999999993433
0.97125149999999993433
0.97125149999999993433
0.97125149999999993433
0.97125149999999993433
0.97125149999999993433
0.97125149999999993433
0.97125149999999993433
0.97125149999999993433
0.97125149999999993433
0.97125149999999993433
0.97125149999999993433
0.97125149999999993433
0.97125149999999993433
0.97125149999999993433
0.97125149999999993433
0.97125149999999993433
0.97125149999999993433
0.97125149999999993433
0.97125149999999993433
0.97125149999999993433
0.97125149999999993433
0.97125149999999993433
0.97125149999999993433
0.97125149999999993433
0.97125149999999993433
0.97125149999999993433
0.97125149999999993433
0.97125149999999993433
0.97125149999999993433
0.97125149999999993433
0.97777736000000003980
0.97777736000000003980
0.97777736000000003980
0.97777736000000003980
0.97777736000000003980
0.97777736000000003980
0.97777736000000003980
0.97777736000000003980
0.97777736000000003980
0.97777736000000003980
0.97777736000000003980
0.97777736000000003980
0.97777736000000003980
0.97777736000000003980
0.97777736000000003980
0.97777736000000003980
0.97777736000000003980
0.97777736000000003980
0.97777736000000003980
0.97777736000000003980
0.97777736000000003980
0.97777736000000003980
0.97777736000000003980
0.97777736000000003980
0.97777736000000003980
0.97777736000000003980
0.97777736000000003980
0.97777736000000003980
0.97777736000000003980
0.97777736000000003980
0.97777736000000003980
0.97777736000000003980
0.97777736000000003980
0.97777736000000003980
0.97777736000000003980
0.97777736000000003980
0.97777736000000003980
0.97777736000000003980
0.97777736000000003980
0.97777736000000003980
0.97777736000000003980
0.97777736000000003980
0.97777736000000003980
0.97777736000000003980
0.97777736000000003980
0.97777736000000003980
0.97777736000000003980
0.97777736000000003980
0.97777736000000003980
0.97777736000000003980
0.97777736000000003980
0.97777736000000003980
0.97777736000000003980
0.97777736000000003980
0.97777736000000003980
0.98083854000000003648
0.98083854000000003648
0.98083854000000003648
0.98083854000000003648
0.98083854000000003648
0.98083854000000003648
0.98083854000000003648
0.98083854000000003648
0.98083854000000003648
0.98083854000000003648
0.98083854000000003648
0.98083854000000003648
0.98083854000000003648
0.98083854000000003648
0.98083854000000003648
0.98083854000000003648
0.98083854000000003648
0.98083854000000003648
0.98083854000000003648
0.98083854000000003648
0.98083854000000003648
0.98083854000000003648
0.98083854000000003648
0.98083854000000003648
0.98083854000000003648
0.98083854000000003648
0.98083854000000003648
0.98083854000000003648
0.98083854000000003648
0.98083854000000003648
0.98083854000000003648
0.98083854000000003648
0.98083854000000003648
0.98083854000000003648
0.98083854000000003648
0.98083854000000003648
0.98083854000000003648
0.98083854000000003648
0.98083854000000003648
0.98083854000000003648
0.98083854000000003648
0.98083854000000003648
0.98083854000000003648
0.98083854000000003648
0.98083854000000003648
0.98083854000000003648
0.98083854000000003648
0.98083854000000003648
0.98083854000000003648
0.98083854000000003648
0.98083854000000003648
0.98083854000000003648
0.98083854000000003648
0.98083854000000003648
0.98083854000000003648
0.98083854000000003648
0.98083854000000003648
0.98083854000000003648
0.98083854000000003648
0.98083854000000003648
0.98083854000000003648
0.98083854000000003648
0.98282930000000001680
0.98282930000000001680
0.98282930000000001680
0.98282930000000001680
0.98282930000000001680
0.98282930000000001680
0.98282930000000001680
0.98282930000000001680
0.98282930000000001680
0.98282930000000001680
0.98282930000000001680
0.98282930000000001680
0.98282930000000001680
0.98282930000000001680
0.98282930000000001680
0.98282930000000001680
0.98282930000000001680
0.98282930000000001680
0.98282930000000001680
0.98282930000000001680
0.98282930000000001680
0.98282930000000001680
0.98282930000000001680
0.98282930000000001680
0.98282930000000001680
0.98282930000000001680
0.98282930000000001680
0.98282930000000001680
0.98282930000000001680
0.98282930000000001680
0.98282930000000001680
0.98282930000000001680
0.98282930000000001680
0.98282930000000001680
0.98282930000000001680
0.98282930000000001680
0.98282930000000001680
0.98282930000000001680
0.98282930000000001680
0.98282930000000001680
0.98282930000000001680
0.98282930000000001680
0.98282930000000001680
0.98282930000000001680
0.98282930000000001680
0.98282930000000001680
0.98282930000000001680
0.98282930000000001680
0.98282930000000001680
0.98282930000000001680
0.98282930000000001680
0.98282930000000001680
0.98282930000000001680
0.98282930000000001680
0.98282930000000001680
0.98282930000000001680
0.97774046999999997265
0.97774046999999997265
0.97774046999999997265
0.97774046999999997265
0.97774046999999997265
0.97774046999999997265
0.97774046999999997265
0.97774046999999997265
0.97774046999999997265
0.97774046999999997265
0.97774046999999997265
0.97774046999999997265
0.97774046999999997265
0.97774046999999997265
0.97774046999999997265
0.97774046999999997265
0.97774046999999997265
0.97774046999999997265
0.97546420000000000350
0.97546420000000000350
0.97546420000000000350
0.97546420000000000350
0.97546420000000000350
0.97546420000000000350
0.97546420000000000350
0.97546420000000000350
0.97546420000000000350
0.97546420000000000350
0.97546420000000000350
0.97546420000000000350
0.97546420000000000350
0.97546420000000000350
0.97546420000000000350
0.97546420000000000350
0.97726319999999999855
0.97125815999999998152
0.97125815999999998152
0.97125815999999998152
0.97125815999999998152
0.97125815999999998152
0.97125815999999998152
0.97125815999999998152
0.97125815999999998152
0.97125815999999998152
0.97125815999999998152
0.97125815999999998152
0.97125815999999998152
0.97125815999999998152
0.97125815999999998152
0.97125815999999998152
0.97125815999999998152
0.97125815999999998152
0.97125815999999998152
0.97125815999999998152
0.97125815999999998152
0.97125815999999998152
0.97125815999999998152
0.97125815999999998152
0.97125815999999998152
0.97125815999999998152
0.97125815999999998152
0.97125815999999998152
0.97125815999999998152
0.97125815999999998152
0.97125815999999998152
0.97125815999999998152
0.97125815999999998152
0.97125815999999998152
0.97125815999999998152
0.97125815999999998152
0.98252260000000002371
0.98252260000000002371
0.98252260000000002371
0.98252260000000002371
0.98252260000000002371
0.98252260000000002371
0.98252260000000002371
0.98252260000000002371
0.98252260000000002371
0.98252260000000002371
0.98252260000000002371
0.98252260000000002371
0.98252260000000002371
0.98252260000000002371
0.98252260000000002371
0.98252260000000002371
0.98252260000000002371
0.98252260000000002371
0.98252260000000002371
0.98252260000000002371
0.98252260000000002371
0.98252260000000002371
0.98252260000000002371
0.98252260000000002371
0.98252260000000002371
0.98252260000000002371
0.98252260000000002371
0.98252260000000002371
0.98252260000000002371
0.98252260000000002371
0.98252260000000002371
0.98252260000000002371
0.98252260000000002371
0.98252260000000002371
0.98252260000000002371
0.98252260000000002371
0.98252260000000002371
0.98252260000000002371
0.98252260000000002371
0.98252260000000002371
0.98252260000000002371
0.98252260000000002371
0.98252260000000002371
0.98252260000000002371
0.98252260000000002371
0.98252260000000002371
0.98252260000000002371
0.98252260000000002371
0.98252260000000002371
0.98252260000000002371
0.98252260000000002371
0.98252260000000002371
0.98252260000000002371
0.98252260000000002371
0.98252260000000002371
0.98252260000000002371
0.98252260000000002371
0.98252260000000002371
0.98252260000000002371
0.98252260000000002371
0.98252260000000002371
0.98252260000000002371
0.98252260000000002371
0.98252260000000002371
0.98252260000000002371
0.97435349999999998349
0.97435349999999998349
0.97435349999999998349
0.97435349999999998349
0.97435349999999998349
0.97435349999999998349
0.97435349999999998349
0.97435349999999998349
0.97435349999999998349
0.97435349999999998349
0.97435349999999998349
0.97435349999999998349
0.97435349999999998349
0.97435349999999998349
0.97435349999999998349
0.97435349999999998349
0.97435349999999998349
0.97435349999999998349
0.97435349999999998349
0.97435349999999998349
0.97435349999999998349
0.97435349999999998349
0.97435349999999998349
0.97435349999999998349
0.97435349999999998349
0.97435349999999998349
0.97435349999999998349
0.97435349999999998349
0.97435349999999998349
0.97435349999999998349
0.97435349999999998349
0.97435349999999998349
0.97435349999999998349
0.97435349999999998349
0.97435349999999998349
0.97435349999999998349
0.97435349999999998349
0.97435349999999998349
0.97435349999999998349
0.97435349999999998349
0.97435349999999998349
0.97435349999999998349
0.97435349999999998349
